Integers: 28, 32, 93, 51, 66
Doubles: 64.72999999999999, 87.07, 91.97, 32.510000000000005, 94.88
